-1 2
-1 8
-1 12
-1 24
-1 40
-1 48
-1 60
-1 63
-1 126
-1 160
-1 168
-1 240
-1 273
-1 315
-1 364
-1 468
-1 504
-1 513
-1 544
-1 546
-1 630
-1 680
-1 816
-1 825
-1 960
-1 1020
-1 1026
-1 1100
-1 1365
-1 1456
-1 1650
-1 1729
-1 1820
-1 1872
-1 2016
-1 2107
-1 2109
-1 2176
-1 2184
-1 2223
-1 2255
-1 2331
-1 2340
-1 2457
-1 2520
-1 2565
-1 2720
-1 2730
-1 2812
-1 3075
-1 3264
-1 3458
-1 3608
-1 3996
-1 4080
-1 4100
-1 4104
-1 4214
-1 4218
-1 4400
-1 4433
-1 4446
-1 4510
-1 4641
-1 4662
-1 4697
-1 4788
-1 4914
-1 5130
-1 5355
-1 5412
-1 5425
-1 5673
-1 5824
-1 6039
-1 6150
-1 6188
-1 6600
-1 6643
-1 6935
-1 6975
-1 7161
-1 7280
-1 7488
-1 7564
-1 7667
-1 7956
-1 8103
-1 8541
-1 8568
-1 8645
-1 8729
-1 8736
-1 8866
-1 9282
-1 9360
-1 9394
-1 9548
-1 9855
-1 10080
-1 10101
-1 10235
-1 10535
-1 10545
-1 10710
-1 10804
-1 10850
-1 10880
-1 10920
-1 11096
-1 11115
-1 11223
-1 11248
-1 11346
-1 11543
-1 11655
-1 12078
-1 12276
-1 12285
-1 12625
-1 12789
-1 13056
-1 13286
-1 13468
-1 13832
-1 13870
-1 13950
-1 14025
-1 14060
-1 14322
-1 14432
-1 14497
-1 14841
-1 15334
-1 15768
-1 15984
-1 16206
-1 16320
-1 16376
-1 16385
-1 16400
-1 16416
-1 16523
-1 16644
-1 16856
-1 16872
-1 17082
-1 17290
-1 17316
-1 17458
-1 17507
-1 17600
-1 17784
-1 18040
-1 18396
-1 18639
-1 18648
-1 18700
-1 18915
-1 18981
-1 19152
-1 19656
-1 19710
-1 19825
-1 19980
-1 20007
-1 20033
-1 20176
-1 20202
-1 20470
-1 20520
-1 20601
-1 20748
-1 20979
-1 21070
-1 21090
-1 21648
-1 21728
-1 22165
-1 22230
-1 22446
-1 22509
-1 22649
-1 23086
-1 23205
-1 23310
-1 23485
-1 23579
-1 23940
-1 24564
-1 24570
-1 24600
-1 24752
-1 25025
-1 25220
-1 25250
-1 25284
-1 25578
-1 26169
-1 26216
-1 26400
-1 26533
-1 26691
-1 27060
-1 27160
-1 27936
-1 28050
-1 28365
-1 28413
-1 28994
-1 29120
-1 29309
-1 29393
-1 29682
-1 30195
-1 30225
-1 30256
-1 30264
-1 30940
-1 31824
-1 32025
-1 32175
-1 32361
-1 32592
-1 32770
-1 33046
-1 33215
-1 33507
-1 34272
-1 34799
-1 34892
-1 34920
-1 34944
-1 35014
-1 35316
-1 35464
-1 35588
-1 35805
-1 35853
-1 35929
-1 37128
-1 37209
-1 37278
-1 37440
-1 37576
-1 37683
-1 37791
-1 37820
-1 37829
-1 37830
-1 37962
-1 38192
-1 38335
-1 39277
-1 39324
-1 39609
-1 39627
-1 39650
-1 39780
-1 40014
-1 40053
-1 40066
-1 40300
-1 40320
-1 40515
-1 40740
-1 41202
-1 41769
-1 41958
-1 42653
-1 42700
-1 42705
-1 42840
-1 43092
-1 43148
-1 43216
-1 43400
-1 43520
-1 43605
-1 43645
-1 43680
-1 44330
-1 44384
-1 44992
-1 45018
-1 45298
-1 45353
-1 45384
-1 45551
-1 45756
-1 46410
-1 46970
-1 47158
-1 47740
-1 47804
-1 48312
-1 48633
-1 49104
-1 49612
-1 50050
-1 50499
-1 50505
-1 51057
-1 51319
-1 52275
-1 52338
-1 52429
-1 53066
-1 53144
-1 53196
-1 53382
-1 53404
-1 53757
-1 53872
-1 54020
-1 54900
-1 55328
-1 55419
-1 55476
-1 55480
-1 55699
-1 55709
-1 55800
-1 56115
-1 56163
-1 56240
-1 56364
-1 56375
-1 56730
-1 56826
-1 57288
-1 57715
-1 57728
-1 58311
-1 58618
-1 58786
-1 60390
-1 60450
-1 61336
-1 61380
-1 63072
-1 63936
-1 63945
-1 63973
-1 64050
-1 64311
-1 64350
-1 64449
-1 64722
-1 64824
-1 64844
-1 65100
-1 65280
-1 65504
-1 65600
-1 66430
-1 66576
-1 67014
-1 67340
-1 67424
-1 67488
-1 67932
-1 68328
-1 68735
-1 68901
-1 69160
-1 69167
-1 69264
-1 69300
-1 69575
-1 69598
-1 69700
-1 69768
-1 69832
-1 69977
-1 70993
-1 71136
-1 71610
-1 71613
-1 71706
-1 71858
-1 72160
-1 72485
-1 72927
-1 73505
-1 73584
-1 73892
-1 74205
-1 74418
-1 74592
-1 74800
-1 74884
-1 75361
-1 75366
-1 75582
-1 75658
-1 76373
-1 76608
-1 76670
-1 76869
-1 77519
-1 77959
-1 78325
-1 78554
-1 78624
-1 78840
-1 79218
-1 79254
-1 79716
-1 79849
-1 79920
-1 80106
-1 80288
-1 80704
-1 80769
-1 80808
-1 80899
-1 81030
-1 81396
-1 81880
-1 82080
-1 82251
-1 82615
-1 82992
-1 83220
-1 83325
-1 83538
-1 84280
-1 84360
-1 84419
-1 84693
-1 84929
-1 85306
-1 85410
-1 85748
-1 86464
-1 86580
-1 86592
-1 86912
-1 87210
-1 87290
-1 87381
-1 87535
-1 88920
-1 88929
-1 89271
-1 89639
-1 89784
-1 90706
-1 90909
-1 91102
-1 91133
-1 91868
-1 91980
-1 92004
-1 92053
-1 92225
-1 92344
-1 92785
-1 93195
-1 93240
-1 93275
-1 94905
-1 95760
-1 96441
-1 97266
-1 97539
-1 98256
-1 98280
-1 98400
-1 99008
-1 99441
-1 99755
-1 100035
-1 100165
-1 100360
-1 100880
-1 100998
-1 101000
-1 101010
-1 101136
-1 101321
-1 102114
-1 102312
-1 102638
-1 102663
-1 103005
-1 103389
-1 103740
-1 104550
-1 104748
-1 104858
-1 104864
-1 104895
-1 105600
-1 106757
-1 107514
-1 107692
-1 108080
-1 108173
-1 108240
-1 108640
-1 109976
-1 110838
-1 111100
-1 111168
-1 111398
-1 111418
-1 111744
-1 112065
-1 112200
-1 112230
-1 112326
-1 112545
-1 112750
-1 112924
-1 112931
-1 113245
-1 114589
-1 114681
-1 115430
-1 115509
-1 115976
-1 116123
-1 116480
-1 116622
-1 117025
-1 117171
-1 117608
-1 117895
-1 118116
-1 118575
-1 118728
-1 118779
-1 119295
-1 119536
-1 119795
-1 119925
-1 120099
-1 120432
-1 121024
-1 121056
-1 121737
-1 122820
-1 123123
-1 123635
-1 123760
-1 124369
-1 125223
-1 125615
-1 126420
-1 126525
-1 127049
-1 127296
-1 127890
-1 127946
-1 128588
-1 128622
-1 128898
-1 128961
-1 129696
-1 130052
-1 130368
-1 130845
-1 131080
-1 131584
-1 132125
-1 132184
-1 132665
-1 133455
-1 137088
-1 137193
-1 137259
-1 137470
-1 137751
-1 137802
-1 137852
-1 138023
-1 138043
-1 138334
-1 138516
-1 138960
-1 139150
-1 139568
-1 139680
-1 139808
-1 139954
-1 139971
-1 140056
-1 140999
-1 141264
-1 141856
-1 141986
-1 142065
-1 142352
-1 143226
-1 143533
-1 144137
-1 144970
-1 145188
-1 145197
-1 145343
-1 145854
-1 146545
-1 146965
-1 147010
-1 147423
-1 148393
-1 148410
-1 148456
-1 148512
-1 148701
-1 149112
-1 149301
-1 149420
-1 149760
-1 149796
-1 150304
-1 150540
-1 150722
-1 151280
-1 151320
-1 151500
-1 151848
-1 152746
-1 152768
-1 152908
-1 153036
-1 153738
-1 154012
-1 154425
-1 154473
-1 155038
-1 155844
-1 155918
-1 156650
-1 157085
-1 157296
-1 158372
-1 158600
-1 158691
-1 159120
-1 159608
-1 159698
-1 159903
-1 160056
-1 160132
-1 160264
-1 161200
-1 161505
-1 161538
-1 161798
-1 161805
-1 162120
-1 162316
-1 162837
-1 162960
-1 163293
-1 164021
-1 164164
-1 164480
-1 164502
-1 164808
-1 164964
-1 165230
-1 165564
-1 165737
-1 166650
-1 166964
-1 167425
-1 167535
-1 167751
-1 167832
-1 168700
-1 168838
-1 169043
-1 169349
-1 169386
-1 169858
-1 169875
-1 170065
-1 170235
-1 170800
-1 170829
-1 171360
-1 171639
-1 171717
-1 172081
-1 172368
-1 172592
-1 172864
-1 173329
-1 173489
-1 173600
-1 173789
-1 173964
-1 173995
-1 174251
-1 174460
-1 174720
-1 174741
-1 174760
-1 174762
-1 175070
-1 176412
-1 176580
-1 177156
-1 177320
-1 177536
-1 177858
-1 177940
-1 178542
-1 179095
-1 179265
-1 179278
-1 179304
-1 179645
-1 180072
-1 180851
-1 181181
-1 181192
-1 181536
-1 181818
-1 182266
-1 182924
-1 183024
-1 183443
-1 183668
-1 184106
-1 184450
-1 185319
-1 185409
-1 185570
-1 185640
-1 186045
-1 186193
-1 186233
-1 186390
-1 186550
-1 186628
-1 186732
-1 187880
-1 188097
-1 188415
-1 188632
-1 188955
-1 189145
-1 189501
-1 189689
-1 189810
-1 190791
-1 190872
-1 190960
-1 191216
-1 191425
-1 191672
-1 192882
-1 193248
-1 193325
-1 193515
-1 194753
-1 195078
-1 195111
-1 196385
-1 196416
-1 196564
-1 196596
-1 196620
-1 197376
-1 197816
-1 198045
-1 198135
-1 198268
-1 198276
-1 198448
-1 198882
-1 199133
-1 199510
-1 200070
-1 200200
-1 200265
-1 200330
-1 200367
-1 200725
-1 200984
-1 202505
-1 202642
-1 202825
-1 204953
-1 205233
-1 205326
-1 205900
-1 205964
-1 206010
-1 206416
-1 206451
-1 206778
-1 208273
-1 208692
-1 208845
-1 209237
-1 209352
-1 209712
-1 209790
-1 209901
-1 210084
-1 210635
-1 211068
-1 211588
-1 212219
-1 212264
-1 212576
-1 212784
-1 213265
-1 213514
-1 213528
-1 213616
-1 214625
-1 214668
-1 215460
-1 215488
-1 215740
-1 215943
-1 216080
-1 216346
-1 216900
-1 217341
-1 217365
-1 217413
-1 217724
-1 218655
-1 218829
-1 219600
-1 221001
-1 221247
-1 221263
-1 221312
-1 221357
-1 221904
-1 221920
-1 222684
-1 223200
-1 223443
-1 224028
-1 224037
-1 224130
-1 224960
-1 225090
-1 225456
-1 225862
-1 226490
-1 226765
-1 226825
-1 226919
-1 226920
-1 227304
-1 227556
-1 227755
-1 228780
-1 228956
-1 229152
-1 229178
-1 229362
-1 231018
-1 231363
-1 231856
-1 231861
-1 232246
-1 232589
-1 232947
-1 232988
-1 233699
-1 234050
-1 234342
-1 234472
-1 235081
-1 235144
-1 235188
-1 235521
-1 235657
